
					input_tensor:
[[[[-0.47595065 -0.68263206 -0.44374696 -0.08136623 -0.35799892  0.03678564 -0.47611415]
   [ 0.95217057  0.46562911 -0.76945155 -0.22744986  0.25700236 -0.74988415  0.96709721]
   [-0.11355026  0.57911668  0.58823715 -0.27747686 -0.16779212  0.16851626  0.52034355]
   [-0.62438319 -0.4236657   0.34043772 -0.00070348 -0.64286265 -0.1737174  -0.60160953]]

  [[ 0.06339881  0.66474141 -0.62949811  0.91471845 -0.14917067  0.00801408  0.02094189]
   [-0.9684171   0.46338014  0.98661008 -0.67424493 -0.74673044 -0.25033163  0.38643889]
   [-0.99419794 -0.26154188 -0.88264135  0.57867217 -0.30046157  0.40504744 -0.01754185]
   [ 0.94574466  0.67193576  0.22047466  0.12903796  0.99477829 -0.49055173 -0.97124429]]]


 [[[-0.82190987  0.8779652   0.9469188  -0.01703694 -0.31812806  0.44571524 -0.97820648]
   [ 0.51990636  0.34280557 -0.61910895  0.33292931  0.8222448  -0.67576515  0.82115663]
   [-0.35128419  0.40059684 -0.46909932  0.0379173  -0.64506403 -0.06430806 -0.10207096]
   [-0.20787077  0.58385087 -0.01320351  0.4478958   0.58604607 -0.2969518   0.81930705]]

  [[ 0.425775    0.79449526 -0.15958334 -0.0649678   0.8078544   0.26709721  0.06565893]
   [-0.52497847  0.89300784  0.11886025  0.51470306 -0.52770158 -0.14048254 -0.2117728 ]
   [ 0.02141879 -0.74919401  0.36730621 -0.94462057 -0.53231416  0.47288399  0.86841961]
   [ 0.22720781 -0.18504354  0.70783258  0.98566359 -0.40925959 -0.21966498  0.39791358]]]]
 (2, 2, 4, 7)

					d_tensor:
[[[[ 0.    0.    0.   -0.26  0.    0.    0.  ]
   [ 1.21 -0.04  0.    0.   -2.25  0.    0.39]
   [ 0.    0.97  1.76  0.    0.   -0.14 -0.32]
   [ 0.    0.    0.   -0.25  0.    0.    0.  ]]

  [[ 0.    0.37  0.    1.46  0.   -0.36  0.  ]
   [ 0.    0.    0.91  0.    0.    0.    0.1 ]
   [ 0.    0.    0.   -0.11  0.   -0.51  0.  ]
   [ 1.03  1.19  0.    0.    2.41  0.    0.  ]]]


 [[[ 0.    1.74  1.58  0.    0.    0.    0.  ]
   [ 0.    0.    0.    0.    1.06  0.    0.48]
   [ 0.    0.    0.    0.    0.    0.    0.  ]
   [ 0.    0.3   0.    0.35 -0.27  0.   -0.16]]

  [[ 0.    0.    0.    0.    0.41  0.24  0.  ]
   [ 0.    2.43  0.    0.87  0.    0.    0.  ]
   [ 0.    0.    0.    0.    0.   -0.85  1.21]
   [-0.9   0.    0.17  1.03  0.    0.    0.  ]]]]
 (2, 2, 4, 7)

					error_tensor:
[[[[ 1.21 -0.04 -0.26 -1.32 -0.94  0.39]
   [ 0.97  1.1   0.66 -0.25 -0.14 -0.32]]

  [[ 0.37  0.1   0.81  1.46 -0.36  0.1 ]
   [ 1.03  1.19 -0.11  1.87  0.54 -0.51]]]


 [[[ 1.74  0.37  1.22  0.09  0.97  0.48]
   [ 0.82 -0.52  0.35 -0.32  0.05 -0.16]]

  [[ 0.69  1.74  0.87 -0.3   0.7   0.24]
   [-0.9   0.17  0.87  0.16 -0.85  1.21]]]]
 (2, 2, 2, 6)

					MaxLocs:
[[[[[[ 0.          0.        ]
     [ 1.20605795  0.        ]]

    [[-0.         -0.        ]
     [-0.03825949 -0.        ]]

    [[-0.         -0.25920265]
     [-0.         -0.        ]]

    [[-0.         -0.        ]
     [-0.         -1.31604609]]

    [[-0.         -0.        ]
     [-0.93712853 -0.        ]]

    [[ 0.          0.        ]
     [ 0.          0.3892715 ]]]


   [[[ 0.          0.9653334 ]
     [ 0.          0.        ]]

    [[ 0.          1.10201456]
     [ 0.          0.        ]]

    [[ 0.65684905  0.        ]
     [ 0.          0.        ]]

    [[-0.         -0.        ]
     [-0.25242244 -0.        ]]

    [[-0.         -0.13926645]
     [-0.         -0.        ]]

    [[-0.         -0.32366027]
     [-0.         -0.        ]]]]



  [[[[ 0.          0.36704555]
     [ 0.          0.        ]]

    [[ 0.          0.        ]
     [ 0.          0.10020338]]

    [[ 0.          0.        ]
     [ 0.8104229   0.        ]]

    [[ 1.45722201  0.        ]
     [ 0.          0.        ]]

    [[-0.         -0.35782825]
     [-0.         -0.        ]]

    [[ 0.          0.        ]
     [ 0.          0.09577053]]]


   [[[ 0.          0.        ]
     [ 1.02595479  0.        ]]

    [[ 0.          0.        ]
     [ 1.19033093  0.        ]]

    [[-0.         -0.11467304]
     [-0.         -0.        ]]

    [[ 0.          0.        ]
     [ 0.          1.87273748]]

    [[ 0.          0.        ]
     [ 0.5421969   0.        ]]

    [[-0.5101091  -0.        ]
     [-0.         -0.        ]]]]]




 [[[[[ 0.          1.73829326]
     [ 0.          0.        ]]

    [[ 0.          0.36747484]
     [ 0.          0.        ]]

    [[ 1.21657366  0.        ]
     [ 0.          0.        ]]

    [[ 0.          0.        ]
     [ 0.          0.09206406]]

    [[ 0.          0.        ]
     [ 0.97289667  0.        ]]

    [[ 0.          0.        ]
     [ 0.          0.48122901]]]


   [[[ 0.          0.        ]
     [ 0.          0.82374785]]

    [[-0.         -0.        ]
     [-0.52473362 -0.        ]]

    [[ 0.          0.        ]
     [ 0.          0.35398557]]

    [[-0.         -0.        ]
     [-0.         -0.31718632]]

    [[ 0.          0.        ]
     [ 0.04525277  0.        ]]

    [[-0.         -0.        ]
     [-0.         -0.16156169]]]]



  [[[[ 0.          0.        ]
     [ 0.          0.68937151]]

    [[ 0.          0.        ]
     [ 1.73573296  0.        ]]

    [[ 0.          0.        ]
     [ 0.          0.86812677]]

    [[-0.         -0.29540915]
     [-0.         -0.        ]]

    [[ 0.70364571  0.        ]
     [ 0.          0.        ]]

    [[ 0.2395      0.        ]
     [ 0.          0.        ]]]


   [[[-0.         -0.        ]
     [-0.89550639 -0.        ]]

    [[ 0.          0.        ]
     [ 0.          0.16833181]]

    [[ 0.          0.        ]
     [ 0.          0.87091475]]

    [[ 0.          0.        ]
     [ 0.15982645  0.        ]]

    [[-0.         -0.85086986]
     [-0.         -0.        ]]

    [[ 0.          1.21203431]
     [ 0.          0.        ]]]]]] 
(2, 2, 2, 6, 2, 2)
